version https://git-lfs.github.com/spec/v1
oid sha256:9c7f96abd70a3321aa03035db0d7f61ef30cafc2c41124877d7ac02950441383
size 29219
