version https://git-lfs.github.com/spec/v1
oid sha256:9cc64a2e285f58bcd0793abe3b12c02968d040f51bcec7b67a106686885b0de3
size 29131
